430
654
503
806
921
436
680
429
807
704
690
527
952
838
561
949
687
824
482
596
491
587
443
694
712
826
586
656
831
502
489
597
525
591
956
967
961
473
539
818
655
618
507
447
713
984
955
842
953
946
581
994
566
570
812
990
700
426
432
574
544
451
532
685
836
939
719
521
702
675
554
464
663
442
705
613
452
948
980
721
584
821
996
439
923
916
849
553
708
659
661
471
506
530
617
841
458
465
985
696
549
918
943
941
599
552
444
966
611
504
462
505
667
457
529
922
565
481
816
543
692
975
501
463
999
487
642
643
646
722
486
603
622
848
594
533
609
971
578
560
688
650
541
672
676
912
620
835
840
932
814
817
648
546
450
459
714
847
593
987
604
693
621
531
522
991
645
973
493
992
965
717
674
455
424
988
957
701
519
523
925
978
606
926
536
425
635
960
837
691
515
698
456
709
825
477
710
649
637
679
641
944
819
460
964
636
968
524
453
657
947
572
555
579
513
437
689
830
970
467
435
619
958
844
588
930
512
808
950
979
610
474
431
907
535
671
601
577
639
508
548
494
607
490
681
976
558
845
927
936
940
665
997
963
520
534
715
516
843
592
537
461
969
945
538
699
820
441
697
834
920
590
517
545
811
815
993
466
981
828
589
829
972
673
977
933
809
480
433
608
942
470
833
644
919
832
562
652
935
472
924
559
484
550
475
468
640
595
683
614
974
998
934
682
647
518
616
551
495
509
563
479
547
664
469
582
483
718
666
557
496
653
